case          all_equal
present_mask  0xFFFFFFFF
keep_mask     0x00080001  (2 survivors: [0, 19])
rank order    [0, 1, 2, 3, 4, 5, 6, 7, 8, 9, 10, 11, 12, 13, 14, 15, 16, 17, 18, 19, 20, 21, 22, 23, 24, 25, 26, 27, 28, 29, 30, 31]
duplicate scores present  True
pairs exactly on 2I == U  0

slot     x     y     a     b  score      area  rank  kept
   0   100   100   200   200  30000     10000     0   yes
   1   101   101   201   201  30000     10000     1      
   2   102   102   202   202  30000     10000     2      
   3   103   103   203   203  30000     10000     3      
   4   104   104   204   204  30000     10000     4      
   5   105   105   205   205  30000     10000     5      
   6   106   106   206   206  30000     10000     6      
   7   107   107   207   207  30000     10000     7      
   8   108   108   208   208  30000     10000     8      
   9   109   109   209   209  30000     10000     9      
  10   110   110   210   210  30000     10000    10      
  11   111   111   211   211  30000     10000    11      
  12   112   112   212   212  30000     10000    12      
  13   113   113   213   213  30000     10000    13      
  14   114   114   214   214  30000     10000    14      
  15   115   115   215   215  30000     10000    15      
  16   116   116   216   216  30000     10000    16      
  17   117   117   217   217  30000     10000    17      
  18   118   118   218   218  30000     10000    18      
  19   119   119   219   219  30000     10000    19   yes
  20   120   120   220   220  30000     10000    20      
  21   121   121   221   221  30000     10000    21      
  22   122   122   222   222  30000     10000    22      
  23   123   123   223   223  30000     10000    23      
  24   124   124   224   224  30000     10000    24      
  25   125   125   225   225  30000     10000    25      
  26   126   126   226   226  30000     10000    26      
  27   127   127   227   227  30000     10000    27      
  28   128   128   228   228  30000     10000    28      
  29   129   129   229   229  30000     10000    29      
  30   130   130   230   230  30000     10000    30      
  31   131   131   231   231  30000     10000    31      
