case          degenerate
present_mask  0xFFFFFFFF
keep_mask     0xFFFFFEC1  (26 survivors: [0, 6, 7, 9, 10, 11, 12, 13, 14, 15, 16, 17, 18, 19, 20, 21, 22, 23, 24, 25, 26, 27, 28, 29, 30, 31])
rank order    [0, 1, 2, 3, 4, 5, 6, 7, 8, 31, 30, 29, 28, 27, 26, 25, 24, 23, 22, 21, 20, 19, 18, 17, 16, 15, 14, 13, 12, 11, 10, 9]
duplicate scores present  False
pairs exactly on 2I == U  0

slot     x     y     a     b  score      area  rank  kept
   0   100   100   100   100  60000         0     0   yes
   1   200   200   200   260  59000         0     1      
   2   300   300   360   300  58000         0     2      
   3   400   400   350   350  57000         0     3      
   4   500   500   450   560  56000         0     4      
   5   600   600   660   550  55000         0     5      
   6   700   700   701   701  54000         1     6   yes
   7   100   100   160   160  53000      3600     7   yes
   8   100   100   100   100  52000         0     8      
   9  1300  1300  1320  1320     10       400    31   yes
  10  1600  1300  1620  1320     11       400    30   yes
  11  1900  1300  1920  1320     12       400    29   yes
  12  2200  1300  2220  1320     13       400    28   yes
  13  2500  1300  2520  1320     14       400    27   yes
  14  2800  1300  2820  1320     15       400    26   yes
  15  3100  1300  3120  1320     16       400    25   yes
  16  1000  1600  1020  1620     17       400    24   yes
  17  1300  1600  1320  1620     18       400    23   yes
  18  1600  1600  1620  1620     19       400    22   yes
  19  1900  1600  1920  1620     20       400    21   yes
  20  2200  1600  2220  1620     21       400    20   yes
  21  2500  1600  2520  1620     22       400    19   yes
  22  2800  1600  2820  1620     23       400    18   yes
  23  3100  1600  3120  1620     24       400    17   yes
  24  1000  1900  1020  1920     25       400    16   yes
  25  1300  1900  1320  1920     26       400    15   yes
  26  1600  1900  1620  1920     27       400    14   yes
  27  1900  1900  1920  1920     28       400    13   yes
  28  2200  1900  2220  1920     29       400    12   yes
  29  2500  1900  2520  1920     30       400    11   yes
  30  2800  1900  2820  1920     31       400    10   yes
  31  3100  1900  3120  1920     32       400     9   yes
