case          low_res_scores
present_mask  0xFFFFFFFF
keep_mask     0x9426256A  (13 survivors: [1, 3, 5, 6, 8, 10, 13, 17, 18, 21, 26, 28, 31])
rank order    [18, 13, 10, 21, 11, 20, 12, 17, 3, 31, 28, 19, 5, 14, 6, 24, 25, 7, 23, 27, 29, 4, 22, 9, 30, 1, 2, 0, 8, 15, 16, 26]
duplicate scores present  True
pairs exactly on 2I == U  0

slot     x     y     a     b  score      area  rank  kept
   0    50    50   140   140   7196      8100    27      
   1    75    50   165   140  11822      8100    25   yes
   2   100    50   190   140  11051      8100    26      
   3   125    50   215   140  47288      8100     8   yes
   4   150    50   240   140  22102      8100    21      
   5   175    50   265   140  40349      8100    12   yes
   6    50    75   140   165  32896      8100    14   yes
   7    75    75   165   165  27756      8100    17      
   8   100    75   190   165   4626      8100    28   yes
   9   125    75   215   165  20817      8100    23      
  10   150    75   240   165  56540      8100     2   yes
  11   175    75   265   165  51657      8100     4      
  12    50   100   140   190  48830      8100     6      
  13    75   100   165   190  58339      8100     1   yes
  14   100   100   190   190  35209      8100    13      
  15   125   100   215   190   4626      8100    29      
  16   150   100   240   190   3598      8100    30      
  17   175   100   265   190  47802      8100     7   yes
  18    50   125   140   215  61166      8100     0   yes
  19    75   125   165   215  41891      8100    11      
  20   100   125   190   215  49858      8100     5      
  21   125   125   215   215  55512      8100     3   yes
  22   150   125   240   215  21588      8100    22      
  23   175   125   265   215  23130      8100    18      
  24    50   150   140   240  30840      8100    15      
  25    75   150   165   240  30326      8100    16      
  26   100   150   190   240   3084      8100    31   yes
  27   125   150   215   240  23130      8100    19      
  28   150   150   240   240  42662      8100    10   yes
  29   175   150   265   240  22616      8100    20      
  30    50   175   140   265  17733      8100    24      
  31    75   175   165   265  47288      8100     9   yes
