case          partial_present
present_mask  0x0000FFFF
keep_mask     0x00000101  (2 survivors: [0, 8])
rank order    [0, 16, 8, 24, 1, 9, 17, 2, 25, 10, 18, 29, 26, 11, 3, 19, 4, 27, 12, 20, 5, 13, 21, 28, 14, 6, 22, 30, 7, 15, 23, 31]
duplicate scores present  False
pairs exactly on 2I == U  0

slot     x     y     a     b  score      area  rank  kept
   0    10    10    50    50  62258      1600     0   yes
   1    12    11    52    51  58982      1600     4      
   2     9    13    48    53  55705      1560     7      
   3    14     9    54    49  45874      1600    14      
   4    11    14    51    54  42598      1600    16      
   5    15    12    55    52  36044      1600    20      
   6     8     8    46    46  26214      1444    25      
   7    13    15    53    55  19660      1600    28      
   8   100   100   150   150  60292      2500     2   yes
   9   102   101   152   151  57671      2500     5      
  10    98   103   148   153  52428      2500     9      
  11   104    99   154   149  47185      2500    13      
  12   101   105   151   155  39321      2500    18      
  13   103    98   153   148  32768      2500    21      
  14    97   102   147   152  27525      2500    24      
  15   105   104   155   154  18350      2500    29      
  16   200    50   260   100  60948      3000     1      
  17   202    52   262   102  57015      3000     6      
  18   198    48   258    98  51117      3000    10      
  19   204    53   264   103  44564      3000    15      
  20   201    47   261    97  38010      3000    19      
  21   199    55   259   105  31457      3000    22      
  22   203    49   263    99  24903      3000    26      
  23   197    51   257   101  16384      3000    30      
  24    50   200   100   280  59637      4000     3      
  25    52   202   102   282  53739      4000     8      
  26    48   198    98   278  47841      4000    12      
  27    54   203   104   283  40632      4000    17      
  28    47   199    97   279  29491      4000    23      
  29   300   300   340   340  49151      1600    11      
  30     0   280    30   310  22937       900    27      
  31   280     0   320    40  13107      1600    31      
