case          rand_seed1
present_mask  0xFFFFFFFF
keep_mask     0xF7FF7B77  (27 survivors: [0, 1, 2, 4, 5, 6, 8, 9, 11, 12, 13, 14, 16, 17, 18, 19, 20, 21, 22, 23, 24, 25, 26, 28, 29, 30, 31])
rank order    [14, 0, 22, 9, 17, 25, 18, 2, 5, 13, 20, 16, 28, 31, 19, 21, 23, 27, 6, 7, 11, 26, 1, 30, 4, 12, 3, 8, 29, 10, 24, 15]
duplicate scores present  False
pairs exactly on 2I == U  0

slot     x     y     a     b  score      area  rank  kept
   0   297    99   475   230  61228     23318     1   yes
   1    24   339   192   433  29058     15792    22   yes
   2   147   248   241   372  57407     11656     7   yes
   3    36   130   125   211  11647      7209    26      
   4   227   394   404   527  25114     23541    24   yes
   5   241   166   342   309  55351     14443     8   yes
   6   106    32   256   191  39883     23850    18   yes
   7   108    56   307   180  35037     24676    19      
   8   202   194   300   342  10071     14504    27   yes
   9   207   381   354   422  60831      6027     3   yes
  10   110   273   174   401   2866      8192    29      
  11   189   360   321   402  34349      5544    20   yes
  12   288    78   336   228  23703      7200    25   yes
  13   142    33   220   176  47550     11154     9   yes
  14   334   291   495   373  65333     13202     0   yes
  15   261   159   347   334    779     15050    31      
  16    43    33    91   220  45320      8976    11   yes
  17   273   359   426   429  60374     10710     4   yes
  18   326    71   411   162  58520      7735     6   yes
  19    71    41   149   160  44244      9282    14   yes
  20   192    34   247   214  45924      9900    10   yes
  21   237    29   326   140  42935      9879    15   yes
  22    46   143   125   247  61095      8216     2   yes
  23   104   217   172   391  41832     11832    16   yes
  24   125    48   236   133   1587      9435    30   yes
  25     7   324   148   520  60138     27636     5   yes
  26   335   291   386   417  31263      6426    21   yes
  27   139   241   229   422  41335     16290    17      
  28   171     9   245   122  45291      8362    12   yes
  29   347   186   490   328   7121     20306    28   yes
  30   381   112   553   168  28330      9632    23   yes
  31    75   340   145   417  44891      5390    13   yes
