case          rand_seed0
present_mask  0xFFFFFFFF
keep_mask     0x7F77DBDF  (26 survivors: [0, 1, 2, 3, 4, 6, 7, 8, 9, 11, 12, 14, 15, 16, 17, 18, 20, 21, 22, 24, 25, 26, 27, 28, 29, 30])
rank order    [15, 24, 9, 0, 6, 28, 12, 19, 16, 11, 2, 29, 14, 3, 18, 5, 20, 8, 25, 22, 4, 1, 31, 26, 30, 13, 10, 17, 21, 23, 27, 7]
duplicate scores present  False
pairs exactly on 2I == U  0

slot     x     y     a     b  score      area  rank  kept
   0    74   235   230   319  51515     13104     3   yes
   1   374   179   524   348  14413     25350    21   yes
   2   272    62   332   218  34526      9360    10   yes
   3    24   337   116   462  30107     11500    13   yes
   4   158   393   250   478  18459      7820    20   yes
   5    96   177   230   321  27634     19296    15      
   6   206   236   388   346  49164     20020     4   yes
   7    82   332   153   418    739      6106    31   yes
   8   308   202   385   386  21304     14168    17   yes
   9    98    85   144   185  58745      4600     2   yes
  10   326   198   398   397   6875     14328    26      
  11   311   126   509   295  37991     33462     9   yes
  12   353   302   479   477  44992     22050     6   yes
  13   277   185   440   327   8119     23146    25      
  14    51   153   202   257  31430     15704    12   yes
  15   361   365   512   536  64681     25821     0   yes
  16   298   130   375   184  42828      4158     8   yes
  17    84    27   194    97   6648      7700    27   yes
  18   304   112   423   286  28371     20706    14   yes
  19   333   383   518   514  43744     24235     7      
  20   233     6   302   167  25274     11109    16   yes
  21   268    60   460   153   5759     17856    28   yes
  22   199   371   265   513  19856      9372    19   yes
  23   316   337   478   516   5095     28998    29      
  24   358   227   439   279  62111      4212     1   yes
  25   386    24   476   127  20639      9270    18   yes
  26    48    19   123   113  11821      7050    23   yes
  27    62   128   119   270   4830      8094    30   yes
  28   276   218   437   373  45044     24955     5   yes
  29   356   232   530   321  32927     15486    11   yes
  30   213    74   306   219  10146     13485    24   yes
  31   306   137   448   243  12444     15052    22      
