case          rand_seed9
present_mask  0xFFFFFFFF
keep_mask     0xDFFFFFCE  (28 survivors: [1, 2, 3, 6, 7, 8, 9, 10, 11, 12, 13, 14, 15, 16, 17, 18, 19, 20, 21, 22, 23, 24, 25, 26, 27, 28, 30, 31])
rank order    [11, 12, 26, 2, 23, 20, 6, 21, 13, 8, 27, 15, 3, 1, 31, 17, 30, 9, 5, 7, 19, 25, 18, 29, 28, 16, 4, 0, 10, 22, 14, 24]
duplicate scores present  False
pairs exactly on 2I == U  0

slot     x     y     a     b  score      area  rank  kept
   0   143   117   300   272   7571     24335    27      
   1    51   116   219   283  39160     28056    13   yes
   2   288   265   348   365  59111      6000     3   yes
   3   259   140   408   222  40394     12218    12   yes
   4   372   280   544   401   8605     20812    26      
   5   267    88   309   214  26578      5292    18      
   6    70   306   156   449  58403     12298     6   yes
   7    73   216   205   295  24155     10428    19   yes
   8    20   352    66   493  50993      6486     9   yes
   9   325   247   396   355  28381      7668    17   yes
  10   233   269   420   338   6421     12903    28   yes
  11   136   238   266   428  63029     24700     0   yes
  12    15    30   162    89  62778      8673     1   yes
  13   157   399   245   531  51983     11616     8   yes
  14   116   313   221   479   2315     17430    30   yes
  15   342   252   513   398  40769     24966    11   yes
  16   296   102   474   290  14840     33464    25   yes
  17   173    56   235   244  32729     11656    15   yes
  18    19   134   147   321  18812     23936    22   yes
  19   181    85   289   281  20123     21168    20   yes
  20   135   370   284   529  58539     23691     5   yes
  21   255   116   319   221  56871      6720     7   yes
  22   347    34   402    93   5425      3245    29   yes
  23   102   380   175   547  58547     12191     4   yes
  24   363    52   427   137   1308      5440    31   yes
  25   318   203   397   273  19883      5530    21   yes
  26    83    58   163   129  61604      5680     2   yes
  27   199   340   398   423  43467     16517    10   yes
  28    10   344   114   442  18118     10192    24   yes
  29    28    39   149    93  18662      6534    23      
  30   214   106   391   151  30132      7965    16   yes
  31   141   114   249   219  34545     11340    14   yes
