case          ties
present_mask  0xFFFFFFFF
keep_mask     0x08080808  (4 survivors: [3, 11, 19, 27])
rank order    [3, 4, 11, 12, 19, 20, 27, 28, 0, 1, 2, 8, 9, 10, 16, 17, 18, 24, 25, 26, 5, 6, 7, 13, 14, 15, 21, 22, 23, 29, 30, 31]
duplicate scores present  True
pairs exactly on 2I == U  0

slot     x     y     a     b  score      area  rank  kept
   0   101   101   161   161   1000      3600     8      
   1   104   104   164   164   1000      3600     9      
   2   100   100   160   160   1000      3600    10      
   3   102   102   162   162   2000      3600     0   yes
   4   100   100   160   160   2000      3600     1      
   5   103   103   163   163    500      3600    20      
   6   103   103   163   163    500      3600    21      
   7   103   103   163   163    500      3600    22      
   8   505   305   565   365   1000      3600    11      
   9   503   303   563   363   1000      3600    12      
  10   501   301   561   361   1000      3600    13      
  11   500   300   560   360   2000      3600     2   yes
  12   503   303   563   363   2000      3600     3      
  13   500   300   560   360    500      3600    23      
  14   503   303   563   363    500      3600    24      
  15   503   303   563   363    500      3600    25      
  16   904   504   964   564   1000      3600    14      
  17   900   500   960   560   1000      3600    15      
  18   905   505   965   565   1000      3600    16      
  19   903   503   963   563   2000      3600     4   yes
  20   902   502   962   562   2000      3600     5      
  21   905   505   965   565    500      3600    26      
  22   901   501   961   561    500      3600    27      
  23   904   504   964   564    500      3600    28      
  24  1300   700  1360   760   1000      3600    17      
  25  1302   702  1362   762   1000      3600    18      
  26  1300   700  1360   760   1000      3600    19      
  27  1300   700  1360   760   2000      3600     6   yes
  28  1300   700  1360   760   2000      3600     7      
  29  1305   705  1365   765    500      3600    29      
  30  1304   704  1364   764    500      3600    30      
  31  1300   700  1360   760    500      3600    31      
